seq_num,delay_ms
0,8.00843
1,7.01687
2,9.00843
3,5.01687
4,12.0084
5,11.0169
6,11.0253
7,13.0084
8,9.01686
9,10.0084
10,8.01686
11,7.0253
12,7.03373
13,11.0084
14,10.0169
15,12.0084
16,12.0169
17,12.0253
18,11.0337
19,9.04216
20,6.05059
21,10.0084
22,6.01687
23,7.00843
24,14.0084
25,8.01686
26,8.0253
27,16.0084
28,9.01686
29,9.0253
30,16.0084
31,10.0169
32,10.0253
33,11.0084
34,5.00843
35,12.0084
36,11.0084
37,13.0084
38,12.0169
39,13.0084
40,11.0169
41,6.0253
42,12.0084
43,7.01687
44,16.0084
45,10.0169
46,8.0253
47,10.0084
48,8.01686
49,12.0084
50,10.0169
51,9.0253
52,10.0084
53,14.0084
54,11.0169
55,11.0253
56,11.0337
57,10.0422
58,12.0084
59,12.0084
60,12.0169
61,4.00843
62,16.0084
63,9.00843
64,7.01687
65,11.0084
66,9.01686
67,10.0084
68,10.0169
69,11.0084
70,11.0169
71,12.0084
72,12.0169
73,11.0253
74,13.0084
75,13.0169
76,4.0253
77,10.0084
78,8.01686
79,7.00843
80,11.0084
81,11.0169
82,9.0253
83,8.03373
84,9.00843
85,5.01687
86,13.0084
87,10.0169
88,10.0253
89,7.03373
90,13.0084
91,11.0169
92,11.0253
93,11.0337
94,9.04216
95,8.05059
96,11.0084
97,10.0169
98,13.0084
99,13.0169
100,12.0253
101,10.0337
102,10.0084
103,10.0169
104,7.0253
105,7.00843
106,12.0084
107,12.0169
108,9.0253
109,7.03373
110,13.0084
111,10.0169
112,8.00843
113,11.0084
114,10.0169
115,10.0084
116,10.0169
117,11.0084
118,6.01687
119,6.00843
120,9.00843
121,9.00843
122,9.01686
123,8.0253
124,9.00843
125,9.01686
126,11.0084
127,11.0169
128,10.0253
129,10.0337
130,12.0084
131,12.0169
132,9.0253
133,6.03373
134,7.00843
135,11.0084
136,8.01686
137,8.0253
138,8.03373
139,10.0084
140,10.0084
141,10.0169
142,9.0253
143,9.03373
144,11.0084
145,13.0084
146,12.0169
147,13.0084
148,11.0169
149,9.00843
150,7.01687
151,11.0084
152,12.0084
153,10.0084
154,10.0169
155,11.0084
156,12.0084
157,12.0169
158,13.0084
159,13.0169
160,10.0084
161,8.01686
162,9.00843
163,13.0084
164,9.00843
165,8.00843
166,10.0084
167,8.01686
168,8.0253
169,12.0084
170,12.0169
171,9.0253
172,12.0084
173,9.01686
174,10.0084
175,6.00843
176,6.00843
177,12.0084
178,10.0084
179,14.0084
180,9.01686
181,7.00843
182,7.01687
183,10.0084
184,9.01686
185,8.0253
186,8.03373
187,11.0084
188,8.01686
189,7.0253
190,8.00843
191,2.01687
192,13.0084
193,12.0169
194,12.0253
195,11.0337
196,10.0422
197,10.0506
198,12.0084
199,11.0169
200,11.0253
201,11.0337
202,11.0422
203,10.0506
204,10.059
205,10.0675
206,10.0759
207,12.0084
208,12.0169
209,12.0253
210,11.0337
211,12.0084
212,12.0169
213,7.00843
214,7.01687
215,7.0253
216,14.0084
217,11.0169
218,8.0253
219,8.03373
220,7.04216
221,9.00843
222,10.0084
223,9.01686
224,11.0084
225,11.0169
226,11.0253
227,11.0337
228,10.0422
229,13.0084
230,13.0169
231,9.00843
232,15.0084
233,8.00843
234,13.0084
235,10.0169
236,9.0253
237,8.03373
238,12.0084
239,10.0169
240,10.0253
241,10.0337
242,8.04216
243,12.0084
244,11.0169
245,9.0253
246,9.03373
247,9.04216
248,10.0084
249,7.01687
250,14.0084
251,13.0169
252,13.0253
253,11.0337
254,14.0084
255,14.0169
256,7.0253
257,6.03373
258,6.04216
259,5.05059
260,8.00843
261,8.00843
262,8.01686
263,8.0253
264,5.03373
265,7.00843
266,10.0084
267,10.0169
268,10.0253
269,10.0337
270,10.0422
271,10.0506
272,9.05903
273,12.0084
274,10.0169
275,13.0084
276,10.0169
277,10.0253
278,8.03373
279,13.0084
280,9.01686
281,16.0084
282,13.0169
283,12.0253
284,10.0337
285,14.0084
286,9.01686
287,7.0253
288,15.0084
289,12.0169
290,7.00843
291,7.00843
292,7.01687
293,12.0084
294,8.01686
295,8.00843
296,10.0084
297,9.01686
298,14.0084
299,11.0169
300,10.0253
301,12.0084
302,11.0169
303,8.0253
304,13.0084
305,12.0169
306,11.0253
307,9.03373
308,10.0084
309,9.00843
310,8.01686
311,5.0253
312,15.0084
313,7.00843
314,11.0084
315,11.0169
316,11.0253
317,8.03373
318,6.00843
319,11.0084
320,12.0084
321,8.01686
322,7.0253
323,10.0084
324,8.01686
325,14.0084
326,9.01686
327,13.0084
328,8.01686
329,13.0084
330,11.0169
331,11.0253
332,10.0337
333,9.04216
334,12.0084
335,12.0169
336,10.0253
337,5.03373
338,11.0084
339,12.0084
340,11.0169
341,5.0253
342,9.00843
343,10.0084
344,11.0084
345,9.01686
346,11.0084
347,10.0169
348,13.0084
349,6.01687
350,13.0084
351,9.00843
352,8.01686
353,11.0084
354,11.0084
355,11.0169
356,10.0253
357,10.0337
358,9.04216
359,13.0084
360,8.01686
361,6.00843
362,10.0084
363,9.00843
364,9.01686
365,7.0253
366,8.00843
367,8.00843
368,15.0084
369,11.0169
370,8.00843
371,4.01687
372,14.0084
373,10.0084
374,9.01686
375,12.0084
376,11.0169
377,11.0253
378,11.0337
379,10.0422
380,11.0084
381,5.01687
382,12.0084
383,9.01686
384,9.0253
385,13.0084
386,14.0084
387,11.0169
388,8.0253
389,14.0084
390,9.01686
391,12.0084
392,7.01687
393,14.0084
394,12.0169
395,8.0253
396,10.0084
397,10.0169
398,7.0253
399,11.0084
400,10.0169
401,10.0253
402,11.0084
403,11.0169
404,9.0253
405,9.00843
406,13.0084
407,9.01686
408,12.0084
409,8.01686
410,7.0253
411,11.0084
412,9.01686
413,11.0084
414,11.0169
415,10.0253
416,10.0337
417,6.04216
418,12.0084
419,11.0169
420,11.0253
421,11.0337
422,10.0084
423,10.0169
424,8.00843
425,8.01686
426,12.0084
427,11.0084
428,16.0084
429,15.0169
430,11.0253
431,12.0084
432,8.00843
433,12.0084
434,9.01686
435,7.00843
436,7.01687
437,12.0084
438,13.0084
439,12.0169
440,10.0084
441,9.01686
442,7.0253
443,6.03373
444,9.00843
445,10.0084
446,12.0084
447,7.01687
448,11.0084
449,11.0169
450,10.0084
451,10.0084
452,10.0169
453,8.0253
454,14.0084
455,13.0169
456,11.0253
457,6.03373
458,12.0084
459,10.0169
460,10.0084
461,8.00843
462,12.0084
463,10.0169
464,9.0253
465,11.0084
466,10.0169
467,5.00843
468,6.00843
469,13.0084
470,9.01686
471,10.0084
472,9.01686
473,11.0084
474,11.0169
475,10.0253
476,7.03373
477,6.00843
478,7.00843
479,13.0084
480,10.0169
481,4.0253
482,13.0084
483,10.0169
484,11.0084
485,12.0084
486,10.0169
487,8.0253
488,18.0084
489,13.0169
490,12.0253
491,9.00843
492,9.01686
493,14.0084
494,9.01686
495,6.0253
496,13.0084
497,11.0169
498,10.0253
499,9.03373
500,12.0084
501,11.0169
502,9.00843
503,8.01686
504,11.0084
505,11.0169
506,8.0253
507,6.00843
508,6.01687
509,11.0084
510,8.00843
511,7.01687
512,14.0084
513,12.0169
514,11.0253
515,10.0337
516,7.04216
517,7.05059
518,7.05903
519,12.0084
520,12.0169
521,11.0253
522,8.03373
523,13.0084
524,12.0169
525,11.0253
526,10.0337
527,9.04216
528,9.05059
529,10.0084
530,11.0084
531,11.0169
532,13.0084
533,10.0084
534,7.01687
535,11.0084
536,11.0169
537,10.0084
538,9.01686
539,9.00843
540,8.01686
541,14.0084
542,10.0084
543,9.01686
544,9.0253
545,8.03373
546,13.0084
547,9.01686
548,13.0084
549,11.0169
550,11.0253
551,11.0337
552,9.04216
553,8.05059
554,7.05903
555,7.06746
556,8.00843
557,8.01686
558,9.00843
559,9.01686
560,9.0253
561,9.00843
562,8.01686
563,6.0253
564,11.0084
565,7.01687
566,4.0253
567,11.0084
568,13.0084
569,11.0169
570,12.0084
571,12.0169
572,10.0253
573,9.03373
574,7.04216
575,13.0084
576,10.0169
577,9.0253
578,8.03373
579,9.00843
580,15.0084
581,8.01686
582,8.0253
583,11.0084
584,5.00843
585,13.0084
586,10.0084
587,10.0169
588,8.0253
589,8.03373
590,8.04216
591,13.0084
592,12.0169
593,11.0253
594,7.03373
595,12.0084
596,12.0169
597,12.0253
598,10.0337
599,14.0084
600,9.01686
601,7.0253
602,13.0084
603,12.0169
604,10.0253
605,6.00843
606,8.00843
607,10.0084
608,11.0084
609,10.0169
610,12.0084
611,9.00843
612,10.0084
613,13.0084
614,12.0084
615,8.01686
616,13.0084
617,7.01687
618,5.0253
619,15.0084
620,10.0169
621,10.0253
622,9.03373
623,9.00843
624,9.01686
625,9.00843
626,17.0084
627,15.0084
628,13.0169
629,8.00843
630,8.01686
631,15.0084
632,10.0169
633,10.0253
634,10.0337
635,8.00843
636,10.0084
637,12.0084
638,11.0169
639,14.0084
640,14.0084
641,10.0169
642,8.0253
643,9.00843
644,9.00843
645,6.01687
646,15.0084
647,11.0169
648,9.00843
649,9.01686
650,11.0084
651,10.0169
652,8.0253
653,5.00843
654,9.00843
655,7.01687
656,10.0084
657,10.0169
658,10.0253
659,10.0337
660,11.0084
661,12.0084
662,12.0169
663,12.0253
664,8.03373
665,10.0084
666,9.01686
667,9.0253
668,8.03373
669,14.0084
670,10.0169
671,10.0253
672,15.0084
673,12.0169
674,12.0253
675,11.0337
676,11.0422
677,10.0506
678,9.05903
679,13.0084
680,13.0169
681,13.0084
682,12.0169
683,12.0253
684,10.0337
685,13.0084
686,12.0084
687,7.01687
688,12.0084
689,9.01686
690,10.0084
691,10.0169
692,9.0253
693,11.0084
694,7.01687
695,11.0084
696,10.0169
697,8.0253
698,15.0084
699,12.0169
700,12.0253
701,10.0337
702,9.04216
703,8.00843
704,11.0084
705,6.01687
706,10.0084
707,5.01687
708,11.0084
709,11.0169
710,11.0253
711,11.0084
712,8.01686
713,15.0084
714,12.0169
715,10.0253
716,10.0337
717,6.04216
718,11.0084
719,11.0169
720,12.0084
721,14.0084
722,11.0169
723,14.0084
724,12.0169
725,12.0253
726,12.0337
727,10.0422
728,5.00843
729,12.0084
730,7.01687
731,7.0253
732,7.03373
733,11.0084
734,7.01687
735,12.0084
736,8.01686
737,14.0084
738,13.0169
739,10.0253
740,8.03373
741,9.00843
742,9.01686
743,10.0084
744,7.00843
745,9.00843
746,6.01687
747,10.0084
748,10.0084
749,11.0084
750,8.01686
751,7.0253
752,11.0084
753,8.01686
754,8.00843
755,6.00843
756,8.00843
757,11.0084
758,10.0169
759,6.00843
760,9.00843
761,10.0084
762,10.0084
763,10.0169
764,10.0253
765,7.03373
766,7.04216
767,9.00843
768,8.01686
769,8.0253
770,9.00843
771,9.01686
772,6.0253
773,10.0084
774,10.0169
775,10.0253
776,10.0337
777,11.0084
778,12.0084
779,12.0169
780,9.0253
781,8.03373
782,14.0084
783,11.0169
784,6.0253
785,15.0084
786,12.0169
787,11.0253
788,16.0084
789,12.0169
790,11.0253
791,10.0337
792,8.04216
793,11.0084
794,10.0169
795,8.0253
796,8.03373
797,9.00843
798,9.00843
799,8.01686
800,11.0084
801,11.0169
802,9.0253
803,12.0084
804,11.0169
805,10.0253
806,8.03373
807,16.0084
808,9.01686
809,6.0253
810,12.0084
811,7.01687
812,14.0084
813,8.01686
814,9.00843
815,9.01686
816,10.0084
817,10.0169
818,11.0084
819,14.0084
820,12.0169
821,8.00843
822,7.01687
823,7.0253
824,9.00843
825,9.01686
826,9.00843
827,8.01686
828,11.0084
829,8.01686
830,11.0084
831,10.0169
832,6.0253
833,14.0084
834,12.0084
835,11.0169
836,10.0253
837,8.03373
838,9.00843
839,9.01686
840,10.0084
841,7.01687
842,8.00843
843,6.01687
844,11.0084
845,11.0169
846,9.0253
847,13.0084
848,10.0169
849,7.0253
850,10.0084
851,12.0084
852,10.0169
853,9.0253
854,7.03373
855,11.0084
856,11.0169
857,12.0084
858,12.0169
859,12.0253
860,10.0337
861,6.04216
862,9.00843
863,10.0084
864,10.0084
865,13.0084
866,10.0084
867,8.01686
868,13.0084
869,10.0084
870,12.0084
871,7.01687
872,9.00843
873,9.01686
874,8.0253
875,9.00843
876,9.00843
877,8.01686
878,12.0084
879,9.01686
880,10.0084
881,10.0169
882,13.0084
883,12.0169
884,7.00843
885,13.0084
886,7.01687
887,11.0084
888,10.0169
889,9.00843
890,9.01686
891,9.0253
892,8.03373
893,15.0084
894,11.0169
895,10.0253
896,9.03373
897,8.04216
898,12.0084
899,11.0169
900,11.0253
901,11.0337
902,9.04216
903,13.0084
904,12.0169
905,12.0253
906,10.0337
907,10.0422
908,10.0506
909,7.05903
910,13.0084
911,8.01686
912,8.0253
913,8.03373
914,12.0084
915,12.0169
916,9.0253
917,13.0084
918,10.0169
919,10.0253
920,10.0337
921,8.04216
922,11.0084
923,12.0084
924,13.0084
925,10.0169
926,9.0253
927,7.03373
928,8.00843
929,13.0084
930,9.01686
931,9.0253
932,9.00843
933,11.0084
934,11.0169
935,11.0253
936,4.03373
937,12.0084
938,9.01686
939,11.0084
940,15.0084
941,11.0169
942,10.0253
943,9.03373
944,8.04216
945,9.00843
946,7.00843
947,7.01687
948,11.0084
949,8.01686
950,9.00843
951,8.01686
952,7.0253
953,4.03373
954,10.0084
955,8.01686
956,12.0084
957,12.0169
958,10.0253
959,10.0337
960,13.0084
961,8.01686
962,6.0253
963,10.0084
964,10.0169
965,5.0253
966,10.0084
967,10.0169
968,9.00843
969,9.01686
970,9.00843
971,8.01686
972,8.0253
973,7.03373
974,7.00843
975,12.0084
976,11.0169
977,11.0253
978,10.0337
979,11.0084
980,11.0169
981,11.0253
982,9.03373
983,7.04216
984,10.0084
985,14.0084
986,11.0169
987,10.0253
988,10.0337
989,9.04216
990,12.0084
991,11.0169
992,9.0253
993,16.0084
994,10.0169
995,9.0253
996,12.0084
997,14.0084
998,10.0169
999,8.00843
1000,10.0084
1001,7.01687
1002,11.0084
1003,9.00843
1004,10.0084
1005,10.0169
1006,10.0253
1007,11.0084
1008,12.0084
1009,11.0169
1010,4.0253
1011,9.00843
1012,10.0084
1013,10.0169
1014,11.0084
1015,10.0169
1016,7.0253
1017,12.0084
1018,10.0169
1019,10.0084
1020,9.01686
1021,11.0084
1022,9.01686
1023,12.0084
1024,9.01686
1025,9.0253
1026,9.03373
1027,7.00843
1028,8.00843
1029,12.0084
1030,10.0169
1031,15.0084
1032,13.0084
1033,10.0084
1034,7.00843
1035,11.0084
1036,10.0169
1037,9.0253
1038,8.03373
1039,9.00843
1040,9.01686
1041,12.0084
1042,8.00843
1043,10.0084
1044,12.0084
1045,7.00843
1046,8.00843
1047,12.0084
1048,10.0169
1049,9.0253
1050,6.03373
1051,11.0084
1052,10.0169
1053,9.00843
1054,10.0084
1055,10.0084
1056,9.01686
1057,8.0253
1058,15.0084
1059,10.0169
1060,10.0253
1061,13.0084
1062,10.0169
1063,10.0253
1064,12.0084
1065,12.0169
1066,14.0084
1067,11.0169
1068,10.0253
1069,9.00843
1070,9.01686
1071,14.0084
1072,10.0169
1073,6.00843
1074,5.01687
1075,5.0253
1076,11.0084
1077,6.01687
1078,7.00843
1079,8.00843
1080,14.0084
1081,13.0169
1082,10.0253
1083,10.0084
1084,9.01686
1085,9.0253
1086,9.03373
1087,11.0084
1088,11.0169
1089,11.0253
1090,10.0337
1091,10.0084
1092,9.00843
1093,9.01686
1094,10.0084
1095,10.0169
1096,9.0253
1097,6.00843
1098,5.01687
1099,12.0084
1100,11.0169
1101,8.0253
1102,8.03373
1103,7.04216
1104,11.0084
1105,10.0169
1106,10.0253
1107,9.03373
1108,11.0084
1109,12.0084
1110,14.0084
1111,13.0169
1112,8.0253
1113,11.0084
1114,11.0169
1115,11.0253
1116,12.0084
1117,6.01687
1118,9.00843
1119,5.00843
1120,11.0084
1121,9.00843
1122,9.01686
1123,5.00843
1124,11.0084
1125,11.0169
1126,9.0253
1127,9.03373
1128,6.04216
1129,6.05059
1130,13.0084
1131,8.01686
1132,7.0253
1133,7.03373
1134,13.0084
1135,11.0169
1136,11.0253
1137,8.03373
1138,14.0084
1139,13.0084
1140,13.0169
1141,10.0253
1142,10.0337
1143,12.0084
1144,9.01686
1145,13.0084
1146,10.0169
1147,9.0253
1148,7.03373
1149,14.0084
1150,11.0169
1151,9.0253
1152,9.00843
1153,9.01686
1154,9.00843
1155,7.01687
1156,7.0253
1157,7.03373
1158,7.04216
1159,9.00843
1160,13.0084
1161,9.01686
1162,10.0084
1163,10.0169
1164,9.00843
1165,9.01686
1166,10.0084
1167,8.01686
1168,11.0084
1169,9.01686
1170,9.0253
1171,10.0084
1172,13.0084
1173,9.01686
1174,11.0084
1175,10.0169
1176,12.0084
1177,10.0169
1178,9.00843
1179,7.01687
1180,10.0084
1181,8.01686
1182,9.00843
1183,13.0084
1184,10.0084
1185,13.0084
1186,10.0169
1187,7.0253
1188,7.00843
1189,8.00843
1190,7.01687
1191,7.0253
1192,16.0084
1193,11.0169
1194,9.0253
1195,9.03373
1196,10.0084
1197,11.0084
1198,10.0169
1199,8.0253
1200,9.00843
1201,9.00843
1202,9.00843
1203,8.01686
1204,10.0084
1205,10.0169
1206,10.0084
1207,9.01686
1208,12.0084
1209,9.01686
1210,9.0253
1211,7.03373
1212,11.0084
1213,8.01686
1214,8.0253
1215,9.00843
1216,9.01686
1217,12.0084
1218,10.0169
1219,10.0084
1220,7.01687
1221,6.00843
1222,16.0084
1223,14.0169
1224,14.0253
1225,7.03373
1226,12.0084
1227,8.01686
1228,8.0253
1229,9.00843
1230,9.01686
1231,7.0253
1232,6.03373
1233,14.0084
1234,13.0169
1235,10.0253
1236,10.0337
1237,8.04216
1238,7.05059
1239,7.05903
1240,11.0084
1241,11.0169
1242,9.0253
1243,9.03373
1244,9.04216
1245,8.05059
1246,12.0084
1247,10.0169
1248,10.0253
1249,10.0337
1250,10.0422
1251,9.05059
1252,9.05903
1253,9.06746
1254,9.07589
1255,9.08432
1256,13.0084
1257,11.0169
1258,11.0253
1259,11.0337
1260,8.04216
1261,12.0084
1262,12.0169
1263,7.0253
1264,8.00843
1265,14.0084
1266,11.0169
1267,13.0084
1268,10.0169
1269,15.0084
1270,11.0169
1271,9.0253
1272,12.0084
1273,12.0169
1274,9.0253
1275,10.0084
1276,10.0169
1277,15.0084
1278,13.0169
1279,6.0253
1280,10.0084
1281,13.0084
1282,9.01686
1283,14.0084
1284,10.0169
1285,12.0084
1286,12.0084
1287,11.0169
1288,10.0253
1289,10.0337
1290,11.0084
1291,10.0084
1292,9.01686
1293,4.0253
1294,10.0084
1295,8.01686
1296,7.0253
1297,9.00843
1298,5.00843
1299,10.0084
1300,12.0084
1301,11.0169
1302,8.0253
1303,7.03373
1304,13.0084
1305,9.01686
1306,10.0084
1307,10.0084
1308,11.0084
1309,5.01687
1310,12.0084
1311,11.0084
1312,10.0084
1313,12.0084
1314,14.0084
1315,12.0084
1316,15.0084
1317,13.0169
1318,10.0253
1319,10.0337
1320,10.0422
1321,8.05059
1322,7.05903
1323,7.00843
1324,11.0084
1325,11.0084
1326,10.0169
1327,11.0084
1328,9.00843
1329,12.0084
1330,10.0169
1331,9.00843
1332,9.01686
1333,16.0084
1334,10.0169
1335,11.0084
1336,12.0084
1337,11.0169
1338,15.0084
1339,7.01687
1340,9.00843
1341,7.01687
1342,8.00843
1343,6.01687
1344,9.00843
1345,8.01686
1346,10.0084
1347,9.01686
1348,13.0084
1349,10.0169
1350,13.0084
1351,13.0169
1352,13.0253
1353,12.0337
1354,12.0422
1355,13.0084
1356,10.0169
1357,8.0253
1358,13.0084
1359,12.0169
1360,9.0253
1361,9.03373
1362,9.04216
1363,12.0084
1364,10.0169
1365,11.0084
1366,11.0169
1367,11.0253
1368,11.0337
1369,9.04216
1370,12.0084
1371,12.0169
1372,9.0253
1373,8.03373
1374,8.04216
1375,13.0084
1376,11.0169
1377,11.0253
1378,11.0337
1379,10.0422
1380,10.0506
1381,9.05903
1382,10.0084
1383,9.00843
1384,16.0084
1385,14.0084
1386,7.01687
1387,6.0253
1388,9.00843
1389,8.01686
1390,8.0253
1391,8.00843
1392,8.01686
1393,11.0084
1394,10.0169
1395,12.0084
1396,10.0084
1397,7.01687
1398,11.0084
1399,8.01686
1400,8.0253
1401,12.0084
1402,8.01686
1403,10.0084
1404,9.01686
1405,7.0253
1406,12.0084
1407,10.0169
1408,9.00843
1409,8.00843
1410,15.0084
1411,9.01686
1412,10.0084
1413,5.01687
1414,11.0084
1415,11.0169
1416,10.0253
1417,9.00843
1418,16.0084
1419,12.0084
1420,8.01686
1421,8.0253
1422,9.00843
1423,9.01686
1424,9.0253
1425,10.0084
1426,10.0169
1427,11.0084
1428,12.0084
1429,12.0169
1430,6.0253
1431,14.0084
1432,13.0169
1433,11.0253
1434,14.0084
1435,12.0169
1436,10.0253
1437,8.03373
1438,13.0084
1439,9.01686
1440,8.00843
1441,17.0084
1442,10.0169
1443,13.0084
1444,8.00843
1445,8.01686
1446,11.0084
1447,15.0084
1448,11.0169
1449,10.0253
1450,10.0337
1451,10.0084
1452,9.01686
1453,11.0084
1454,16.0084
1455,12.0169
1456,11.0253
1457,8.00843
1458,8.01686
1459,9.00843
1460,9.01686
1461,10.0084
1462,7.00843
1463,12.0084
1464,12.0084
1465,12.0169
1466,11.0253
1467,7.03373
1468,7.04216
1469,5.05059
1470,12.0084
1471,9.01686
1472,7.00843
1473,12.0084
1474,10.0169
1475,13.0084
1476,12.0169
1477,10.0253
1478,9.03373
1479,13.0084
1480,10.0169
1481,7.0253
1482,13.0084
1483,11.0169
1484,8.0253
1485,7.00843
1486,9.00843
1487,11.0084
1488,11.0169
1489,11.0253
1490,7.03373
1491,7.04216
1492,12.0084
1493,10.0169
1494,10.0253
1495,9.03373
1496,5.04216
1497,10.0084
1498,10.0169
1499,8.0253
1500,12.0084
1501,10.0169
1502,10.0253
1503,9.03373
1504,7.04216
1505,13.0084
1506,12.0169
1507,8.0253
1508,13.0084
1509,10.0169
1510,12.0084
1511,6.01687
1512,7.00843
1513,9.00843
1514,10.0084
1515,10.0169
1516,11.0084
1517,10.0169
1518,12.0084
1519,12.0084
1520,13.0084
1521,8.01686
1522,12.0084
1523,10.0169
1524,11.0084
1525,11.0169
1526,9.0253
1527,8.03373
1528,10.0084
1529,13.0084
1530,9.00843
1531,8.01686
1532,7.0253
1533,8.00843
1534,10.0084
1535,10.0084
1536,13.0084
1537,13.0169
1538,12.0253
1539,11.0337
1540,14.0084
1541,14.0084
1542,12.0084
1543,11.0169
1544,5.0253
1545,11.0084
1546,9.00843
1547,9.01686
1548,9.0253
1549,9.03373
1550,10.0084
1551,11.0084
1552,12.0084
1553,10.0169
1554,13.0084
1555,8.00843
1556,15.0084
1557,10.0084
1558,10.0169
1559,11.0084
1560,5.00843
1561,6.00843
1562,12.0084
1563,9.00843
1564,11.0084
1565,8.01686
1566,11.0084
1567,9.01686
1568,13.0084
1569,12.0169
1570,8.0253
1571,14.0084
1572,11.0084
1573,6.01687
1574,10.0084
1575,10.0084
1576,8.00843
1577,8.01686
1578,8.00843
1579,13.0084
1580,11.0169
1581,10.0253
1582,9.03373
1583,9.00843
1584,11.0084
1585,11.0084
1586,12.0084
1587,13.0084
1588,7.01687
1589,14.0084
1590,8.01686
1591,10.0084
1592,10.0169
1593,14.0084
1594,12.0169
1595,9.00843
1596,10.0084
1597,11.0084
1598,11.0084
1599,9.01686
1600,9.0253
1601,13.0084
1602,8.00843
1603,8.00843
1604,10.0084
1605,9.01686
1606,8.0253
1607,11.0084
1608,10.0169
1609,7.0253
1610,11.0084
1611,11.0169
1612,10.0253
1613,9.03373
1614,7.04216
1615,5.05059
1616,12.0084
1617,9.01686
1618,9.0253
1619,11.0084
1620,11.0084
1621,11.0169
1622,11.0253
1623,8.03373
1624,7.04216
1625,6.05059
1626,12.0084
1627,9.01686
1628,9.0253
1629,8.00843
1630,10.0084
1631,10.0169
1632,10.0253
1633,9.03373
1634,9.04216
1635,9.05059
1636,9.05903
1637,7.06746
1638,11.0084
1639,10.0169
1640,8.0253
1641,9.00843
1642,13.0084
1643,16.0084
1644,15.0169
1645,12.0084
1646,9.01686
1647,13.0084
1648,11.0169
1649,10.0253
1650,8.03373
1651,7.04216
1652,7.00843
1653,12.0084
1654,10.0169
1655,11.0084
1656,10.0169
1657,7.0253
1658,12.0084
1659,10.0169
1660,8.0253
1661,14.0084
1662,6.01687
1663,4.0253
1664,9.00843
1665,5.01687
1666,5.0253
1667,6.00843
1668,6.01687
1669,10.0084
1670,10.0169
1671,10.0084
1672,9.01686
1673,10.0084
1674,7.01687
1675,12.0084
1676,8.01686
1677,10.0084
1678,9.01686
1679,10.0084
1680,12.0084
1681,11.0169
1682,10.0253
1683,15.0084
1684,12.0169
1685,11.0253
1686,12.0084
1687,15.0084
1688,10.0169
1689,11.0084
1690,7.01687
1691,11.0084
1692,11.0169
1693,10.0253
1694,9.03373
1695,9.04216
1696,9.05059
1697,10.0084
1698,12.0084
1699,11.0169
1700,11.0253
1701,7.03373
1702,12.0084
1703,12.0169
1704,7.0253
1705,14.0084
1706,9.01686
1707,9.0253
1708,10.0084
1709,10.0169
1710,10.0084
1711,8.01686
1712,8.0253
1713,10.0084
1714,10.0169
1715,9.0253
1716,11.0084
1717,8.01686
1718,10.0084
1719,10.0169
1720,10.0084
1721,10.0169
1722,7.0253
1723,13.0084
1724,11.0169
1725,11.0253
1726,11.0337
1727,8.04216
1728,12.0084
1729,15.0084
1730,13.0169
1731,10.0253
1732,9.03373
1733,11.0084
1734,6.01687
1735,11.0084
1736,10.0169
1737,11.0084
1738,14.0084
1739,13.0169
1740,10.0253
1741,9.03373
1742,10.0084
1743,9.01686
1744,11.0084
1745,7.00843
1746,12.0084
1747,9.01686
1748,9.0253
1749,9.03373
1750,7.04216
1751,12.0084
1752,14.0084
1753,11.0169
1754,12.0084
1755,13.0084
1756,15.0084
1757,8.01686
1758,7.0253
1759,9.00843
1760,9.01686
1761,10.0084
1762,11.0084
1763,10.0169
1764,13.0084
1765,12.0169
1766,12.0253
1767,13.0084
1768,12.0169
1769,6.0253
1770,15.0084
1771,8.01686
1772,9.00843
1773,7.01687
1774,10.0084
1775,12.0084
1776,11.0169
1777,13.0084
1778,10.0169
1779,12.0084
1780,12.0169
1781,13.0084
1782,10.0169
1783,12.0084
1784,8.00843
1785,12.0084
1786,10.0084
1787,10.0169
1788,6.00843
1789,9.00843
1790,6.01687
1791,14.0084
1792,12.0169
1793,11.0084
1794,8.01686
1795,11.0084
1796,11.0084
1797,11.0169
1798,10.0253
1799,12.0084
1800,10.0169
1801,13.0084
1802,9.01686
1803,7.0253
1804,7.03373
1805,6.04216
1806,10.0084
1807,9.00843
1808,12.0084
1809,7.01687
1810,13.0084
1811,13.0169
1812,11.0253
1813,10.0084
1814,11.0084
1815,7.00843
1816,8.00843
1817,11.0084
1818,12.0084
1819,11.0169
1820,6.0253
1821,6.03373
1822,12.0084
1823,7.01687
1824,14.0084
1825,8.01686
1826,5.00843
1827,11.0084
1828,10.0169
1829,8.0253
1830,6.03373
1831,11.0084
1832,9.01686
1833,7.0253
1834,5.03373
1835,5.04216
1836,15.0084
1837,14.0169
1838,12.0253
1839,10.0337
1840,8.04216
1841,7.05059
1842,7.00843
1843,12.0084
1844,15.0084
1845,15.0169
1846,11.0253
1847,8.00843
1848,12.0084
1849,10.0169
1850,6.0253
1851,5.03373
1852,9.00843
1853,11.0084
1854,11.0169
1855,8.0253
1856,5.03373
1857,12.0084
1858,10.0169
1859,9.0253
1860,9.03373
1861,4.04216
1862,8.00843
1863,8.01686
1864,8.00843
1865,10.0084
1866,10.0169
1867,12.0084
1868,10.0169
1869,13.0084
1870,10.0169
1871,10.0253
1872,11.0084
1873,6.01687
1874,12.0084
1875,12.0169
1876,11.0084
1877,9.01686
1878,9.0253
1879,9.03373
1880,11.0084
1881,10.0169
1882,9.0253
1883,12.0084
1884,12.0169
1885,11.0253
1886,10.0337
1887,7.00843
1888,9.00843
1889,13.0084
1890,7.01687
1891,9.00843
1892,10.0084
1893,8.01686
1894,12.0084
1895,10.0169
1896,14.0084
1897,9.01686
1898,8.0253
1899,8.00843
1900,10.0084
1901,10.0169
1902,6.0253
1903,10.0084
1904,10.0169
1905,6.0253
1906,8.00843
1907,8.00843
1908,11.0084
1909,13.0084
1910,9.01686
1911,12.0084
1912,10.0169
1913,10.0084
1914,9.01686
1915,10.0084
1916,9.01686
1917,8.0253
1918,16.0084
1919,14.0169
1920,5.00843
1921,14.0084
1922,11.0169
1923,9.0253
1924,9.03373
1925,8.00843
1926,10.0084
1927,12.0084
1928,12.0169
1929,12.0253
1930,13.0084
1931,10.0169
1932,5.0253
1933,10.0084
1934,12.0084
1935,11.0169
1936,6.0253
1937,6.03373
1938,9.00843
1939,8.01686
1940,8.0253
1941,9.00843
1942,8.01686
1943,10.0084
1944,10.0169
1945,6.0253
1946,7.00843
1947,12.0084
1948,12.0169
1949,12.0084
1950,9.01686
1951,9.0253
1952,14.0084
1953,5.01687
1954,7.00843
1955,9.00843
1956,10.0084
1957,9.01686
1958,6.0253
1959,11.0084
1960,11.0169
1961,10.0253
1962,9.03373
1963,12.0084
1964,12.0169
1965,12.0253
1966,8.00843
1967,14.0084
1968,14.0169
1969,11.0253
1970,5.00843
1971,9.00843
1972,8.01686
1973,9.00843
1974,7.01687
1975,12.0084
1976,8.00843
1977,9.00843
1978,7.01687
1979,7.00843
1980,8.00843
1981,6.00843
1982,7.00843
1983,9.00843
1984,12.0084
1985,6.00843
1986,8.00843
1987,13.0084
1988,9.01686
1989,14.0084
1990,11.0169
1991,8.0253
1992,15.0084
1993,11.0169
1994,9.0253
1995,8.00843
1996,8.00843
1997,8.01686
1998,8.00843
1999,7.01687
2000,7.0253
2001,9.00843
2002,7.01687
2003,11.0084
2004,9.00843
2005,8.01686
2006,14.0084
2007,11.0169
2008,9.0253
2009,9.03373
2010,10.0084
2011,10.0169
2012,12.0084
2013,11.0169
2014,13.0084
2015,9.01686
2016,12.0084
2017,9.01686
2018,9.0253
2019,9.03373
2020,12.0084
2021,12.0169
2022,10.0253
2023,14.0084
2024,12.0169
2025,9.0253
2026,9.03373
2027,8.04216
2028,9.00843
2029,9.01686
2030,14.0084
2031,5.01687
2032,11.0084
2033,9.01686
2034,9.0253
2035,8.00843
2036,9.00843
2037,9.01686
2038,11.0084
2039,10.0169
2040,7.0253
2041,10.0084
2042,10.0169
2043,9.0253
2044,8.03373
2045,8.04216
2046,7.05059
2047,11.0084
2048,6.01687
2049,6.00843
2050,10.0084
2051,7.01687
2052,5.0253
2053,14.0084
2054,11.0169
2055,11.0253
2056,7.00843
2057,12.0084
2058,9.01686
2059,8.0253
2060,8.03373
2061,7.04216
2062,13.0084
2063,11.0169
2064,9.0253
2065,9.03373
2066,12.0084
2067,12.0169
2068,8.00843
2069,8.01686
2070,5.00843
2071,13.0084
2072,13.0084
2073,12.0169
2074,12.0253
2075,12.0337
2076,11.0422
2077,12.0084
2078,10.0084
2079,10.0084
2080,9.01686
2081,9.0253
2082,9.03373
2083,11.0084
2084,11.0169
2085,10.0253
2086,10.0337
2087,9.04216
2088,8.05059
2089,11.0084
2090,11.0169
2091,11.0253
2092,9.03373
2093,11.0084
2094,14.0084
2095,11.0169
2096,6.00843
2097,8.00843
2098,7.01687
2099,7.0253
2100,5.03373
2101,8.00843
2102,10.0084
2103,9.01686
2104,7.0253
2105,5.03373
2106,13.0084
2107,11.0169
2108,8.0253
2109,8.03373
2110,6.04216
2111,9.00843
2112,7.01687
2113,13.0084
2114,10.0169
2115,10.0253
2116,10.0337
2117,8.04216
2118,13.0084
2119,11.0169
2120,11.0253
2121,11.0337
2122,11.0422
2123,9.05059
2124,9.05903
2125,7.06746
2126,14.0084
2127,12.0169
2128,12.0253
2129,8.03373
2130,8.04216
2131,11.0084
2132,14.0084
2133,12.0169
2134,13.0084
2135,11.0169
2136,8.00843
2137,13.0084
2138,13.0169
2139,14.0084
2140,9.01686
2141,9.0253
2142,15.0084
2143,10.0169
2144,11.0084
2145,10.0169
2146,8.0253
2147,7.03373
2148,6.04216
2149,11.0084
2150,8.01686
2151,13.0084
2152,8.01686
2153,10.0084
2154,13.0084
2155,13.0169
2156,13.0084
2157,9.00843
2158,7.01687
2159,10.0084
2160,11.0084
2161,10.0169
2162,7.0253
2163,7.03373
2164,7.04216
2165,5.05059
2166,8.00843
2167,8.00843
2168,8.01686
2169,12.0084
2170,7.01687
2171,5.0253
2172,11.0084
2173,11.0169
2174,10.0253
2175,8.03373
2176,8.04216
2177,11.0084
2178,11.0084
2179,10.0169
2180,6.00843
2181,10.0084
2182,10.0169
2183,7.0253
2184,7.03373
2185,8.00843
2186,8.01686
2187,14.0084
2188,12.0169
2189,12.0253
2190,9.03373
2191,9.04216
2192,9.05059
2193,9.05903
2194,13.0084
2195,10.0169
2196,11.0084
2197,11.0169
2198,11.0253
2199,10.0337
2200,8.00843
2201,15.0084
2202,11.0169
2203,5.0253
2204,16.0084
2205,7.00843
2206,12.0084
2207,13.0084
2208,10.0169
2209,9.0253
2210,9.03373
2211,9.04216
2212,10.0084
2213,9.01686
2214,11.0084
2215,11.0169
2216,11.0253
2217,9.00843
2218,13.0084
2219,10.0169
2220,8.0253
2221,15.0084
2222,12.0169
2223,12.0253
2224,9.03373
2225,7.04216
2226,13.0084
2227,8.01686
2228,5.0253
2229,14.0084
2230,10.0169
2231,11.0084
2232,10.0169
2233,10.0253
2234,13.0084
2235,14.0084
2236,10.0169
2237,12.0084
2238,15.0084
2239,12.0169
2240,10.0084
2241,12.0084
2242,9.01686
2243,10.0084
2244,11.0084
2245,11.0169
2246,8.00843
2247,11.0084
2248,9.01686
2249,11.0084
2250,9.01686
2251,7.0253
2252,12.0084
2253,12.0169
2254,11.0084
2255,13.0084
2256,12.0169
2257,7.0253
2258,7.03373
2259,15.0084
2260,6.01687
2261,12.0084
2262,9.01686
2263,9.0253
2264,9.03373
2265,11.0084
2266,11.0169
2267,11.0253
2268,11.0337
2269,11.0422
2270,8.00843
2271,7.01687
2272,9.00843
2273,13.0084
2274,11.0169
2275,11.0253
2276,10.0337
2277,12.0084
2278,9.01686
2279,13.0084
2280,9.01686
2281,9.0253
2282,10.0084
2283,8.01686
2284,10.0084
2285,10.0169
2286,14.0084
2287,13.0169
2288,10.0253
2289,8.03373
2290,12.0084
2291,10.0169
2292,9.0253
2293,12.0084
2294,8.01686
2295,11.0084
2296,8.00843
2297,12.0084
2298,9.01686
2299,8.0253
2300,8.03373
2301,11.0084
2302,10.0169
2303,11.0084
2304,11.0169
2305,9.00843
2306,8.01686
2307,13.0084
2308,13.0084
2309,12.0169
2310,10.0253
2311,9.03373
2312,15.0084
2313,12.0169
2314,8.0253
2315,13.0084
2316,10.0169
2317,8.0253
2318,12.0084
2319,9.01686
2320,12.0084
2321,11.0084
2322,7.01687
2323,12.0084
2324,10.0169
2325,9.0253
2326,10.0084
2327,10.0084
2328,10.0169
2329,5.0253
2330,11.0084
2331,12.0084
2332,10.0084
2333,10.0169
2334,11.0084
2335,10.0169
2336,14.0084
2337,13.0169
2338,12.0253
2339,7.03373
2340,10.0084
2341,5.01687
2342,8.00843
2343,4.01687
2344,10.0084
2345,8.01686
2346,7.0253
2347,8.00843
2348,9.00843
2349,11.0084
2350,11.0169
2351,11.0253
2352,9.03373
2353,8.04216
2354,11.0084
2355,11.0084
2356,13.0084
2357,11.0169
2358,5.0253
2359,14.0084
2360,8.01686
2361,13.0084
2362,8.01686
2363,10.0084
2364,9.01686
2365,9.0253
2366,10.0084
2367,10.0169
2368,9.0253
2369,8.03373
2370,7.04216
2371,7.05059
2372,9.00843
2373,12.0084
2374,10.0169
2375,11.0084
2376,10.0169
2377,10.0253
2378,8.03373
2379,10.0084
2380,8.01686
2381,10.0084
2382,9.01686
2383,9.0253
2384,9.03373
2385,9.04216
2386,8.05059
2387,12.0084
2388,9.01686
2389,6.0253
2390,13.0084
2391,11.0169
2392,11.0253
2393,11.0084
2394,11.0169
2395,8.0253
2396,9.00843
2397,14.0084
2398,11.0084
2399,11.0169
